(1901, 4)
(1901, 7)
(1902, 9)
(1902, 12)
(1903, 6)
(1904, 2)
(1904, 8)
(1905, 5)
(1906, 1)
(1906, 10)
(1907, 4)
(1907, 7)
(1908, 6)
(1909, 2)
(1909, 3)
(1909, 11)
(1910, 8)
(1911, 5)
(1912, 1)
(1912, 4)
(1912, 7)
(1913, 9)
(1913, 12)
(1914, 6)
(1915, 2)
(1915, 3)
(1915, 11)
(1916, 5)
(1917, 1)
(1917, 10)
(1918, 4)
(1918, 7)
(1919, 9)
(1919, 12)
(1920, 3)
(1920, 11)
(1921, 8)
(1922, 5)
(1923, 1)
(1923, 10)
(1924, 9)
(1924, 12)
(1925, 6)
(1926, 2)
(1926, 3)
(1926, 11)
(1927, 8)
(1928, 10)
(1929, 4)
(1929, 7)
(1930, 9)
(1930, 12)
(1931, 6)
(1932, 2)
(1932, 8)
(1933, 5)
(1934, 1)
(1934, 10)
(1935, 4)
(1935, 7)
(1936, 6)
(1937, 2)
(1937, 3)
(1937, 11)
(1938, 8)
(1939, 5)
(1940, 1)
(1940, 4)
(1940, 7)
(1941, 9)
(1941, 12)
(1942, 6)
(1943, 2)
(1943, 3)
(1943, 11)
(1944, 5)
(1945, 1)
(1945, 10)
(1946, 4)
(1946, 7)
(1947, 9)
(1947, 12)
(1948, 3)
(1948, 11)
(1949, 8)
(1950, 5)
(1951, 1)
(1951, 10)
(1952, 9)
(1952, 12)
(1953, 6)
(1954, 2)
(1954, 3)
(1954, 11)
(1955, 8)
(1956, 10)
(1957, 4)
(1957, 7)
(1958, 9)
(1958, 12)
(1959, 6)
(1960, 2)
(1960, 8)
(1961, 5)
(1962, 1)
(1962, 10)
(1963, 4)
(1963, 7)
(1964, 6)
(1965, 2)
(1965, 3)
(1965, 11)
(1966, 8)
(1967, 5)
(1968, 1)
(1968, 4)
(1968, 7)
(1969, 9)
(1969, 12)
(1970, 6)
(1971, 2)
(1971, 3)
(1971, 11)
(1972, 5)
(1973, 1)
(1973, 10)
(1974, 4)
(1974, 7)
(1975, 9)
(1975, 12)
(1976, 3)
(1976, 11)
(1977, 8)
(1978, 5)
(1979, 1)
(1979, 10)
(1980, 9)
(1980, 12)
(1981, 6)
(1982, 2)
(1982, 3)
(1982, 11)
(1983, 8)
(1984, 10)
(1985, 4)
(1985, 7)
(1986, 9)
(1986, 12)
(1987, 6)
(1988, 2)
(1988, 8)
(1989, 5)
(1990, 1)
(1990, 10)
(1991, 4)
(1991, 7)
(1992, 6)
(1993, 2)
(1993, 3)
(1993, 11)
(1994, 8)
(1995, 5)
(1996, 1)
(1996, 4)
(1996, 7)
(1997, 9)
(1997, 12)
(1998, 6)
(1999, 2)
(1999, 3)
(1999, 11)
(2000, 5)
172
36526
